%ROI1
X1 = [120, 284, 284, 120, 120];
Y1 = [230, 230, 275, 275, 230];

%ROI2
X2 = [330, 494, 494, 330, 330];
Y2 = [230, 230, 275, 275, 230];

%ROI3
X3 = [284, 330, 330, 284, 284];
Y3 = [55, 55, 230, 230, 55];

%ROI4
X4 = [284, 330, 330, 284, 284];
Y4 = [275, 275, 450, 450, 275];


%ROI5
X5 = [284, 330, 330, 284, 284];
Y5 = [230, 230, 275, 275, 230];