%A
Xa = [280, 360, 360, 280, 280];
Ya = [0, 0, 280, 280, 0];

%B
Xb = [360, 600, 560, 380, 360];
Yb = [280, 420, 480, 350, 280];

%C
Xc = [280, 380, 80, 45, 280];
Yc = [280, 350, 480, 420, 280];

%z
Xz = [280, 360, 320, 280];
Yz = [280, 280, 350, 280];